#Data tag : 24v1 , Norm tag: composite
+-------------+-------------------+------+------+----------------+---------------+
| run:fill    | time              | nls  | ncms | delivered(/fb) | recorded(/fb) |
+-------------+-------------------+------+------+----------------+---------------+
| 273158:4915 | 05/11/16 20:42:35 | 1283 | 1279 | 0.054088333    | 0.050641511   |
| 273302:4919 | 05/13/16 02:13:38 | 459  | 459  | 0.017147626    | 0.016450122   |
| 273402:4924 | 05/14/16 01:49:19 | 193  | 193  | 0.007022182    | 0.006643308   |
| 273403:4924 | 05/14/16 03:05:27 | 68   | 65   | 0.002481803    | 0.001837158   |
| 273404:4924 | 05/14/16 03:31:50 | 22   | 22   | 0.000797626    | 0.000616225   |
| 273405:4924 | 05/14/16 03:42:33 | 33   | 28   | 0.001190426    | 0.000806201   |
| 273406:4924 | 05/14/16 03:56:09 | 125  | 117  | 0.004440767    | 0.003803281   |
| 273408:4924 | 05/14/16 04:52:04 | 9    | 8    | 0.000315501    | 0.000181778   |
| 273409:4924 | 05/14/16 04:56:41 | 317  | 314  | 0.010855813    | 0.009512812   |
| 273410:4924 | 05/14/16 06:59:49 | 99   | 98   | 0.003294021    | 0.002753036   |
| 273411:4924 | 05/14/16 07:38:50 | 29   | 29   | 0.000791341    | 0.000741045   |
| 273425:4925 | 05/14/16 11:17:57 | 680  | 678  | 0.028697081    | 0.026943660   |
| 273446:4926 | 05/14/16 20:06:55 | 48   | 46   | 0.003362673    | 0.002161349   |
| 273447:4926 | 05/14/16 20:26:09 | 419  | 419  | 0.027969801    | 0.026144151   |
| 273448:4926 | 05/14/16 23:11:51 | 396  | 396  | 0.024328483    | 0.022865029   |
| 273449:4926 | 05/15/16 01:48:09 | 216  | 216  | 0.012516555    | 0.011832253   |
| 273450:4926 | 05/15/16 03:19:37 | 643  | 643  | 0.033907779    | 0.032466917   |
| 273492:4930 | 05/16/16 09:07:35 | 271  | 267  | 0.013073533    | 0.012234310   |
| 273493:4930 | 05/16/16 10:54:39 | 241  | 236  | 0.011385362    | 0.010582760   |
| 273494:4930 | 05/16/16 12:28:40 | 192  | 192  | 0.008782866    | 0.008498378   |
| 273502:4935 | 05/16/16 20:00:07 | 1002 | 997  | 0.049621707    | 0.047207129   |
| 273503:4935 | 05/17/16 02:31:25 | 598  | 598  | 0.026370330    | 0.025558231   |
| 273554:4942 | 05/18/16 05:30:44 | 368  | 366  | 0.028592347    | 0.026915316   |
| 273555:4942 | 05/18/16 07:55:51 | 173  | 173  | 0.012672391    | 0.012263026   |
| 273725:4947 | 05/20/16 02:37:26 | 2473 | 2470 | 0.161911774    | 0.155963856   |
| 273728:4947 | 05/20/16 19:02:03 | 112  | 104  | 0.005740716    | 0.004936529   |
| 273730:4947 | 05/20/16 19:47:25 | 2126 | 2126 | 0.089636009    | 0.087164263   |
| 274094:4953 | 05/27/16 02:21:04 | 225  | 225  | 0.010213593    | 0.009827929   |
| 274146:4956 | 05/27/16 22:10:11 | 73   | 73   | 0.006208550    | 0.005422332   |
| 274157:4958 | 05/28/16 11:50:04 | 433  | 431  | 0.043152048    | 0.040689707   |
| 274159:4958 | 05/28/16 14:43:47 | 47   | 43   | 0.004433784    | 0.003593492   |
| 274160:4958 | 05/28/16 15:02:52 | 214  | 211  | 0.019584999    | 0.018178774   |
| 274161:4958 | 05/28/16 16:26:18 | 516  | 516  | 0.044054574    | 0.042544990   |
| 274172:4960 | 05/29/16 00:45:19 | 65   | 65   | 0.007141239    | 0.006331700   |
| 274198:4961 | 05/29/16 20:00:35 | 112  | 112  | 0.013365488    | 0.012189941   |
| 274199:4961 | 05/29/16 20:45:19 | 630  | 630  | 0.070122652    | 0.066646477   |
| 274200:4961 | 05/30/16 00:52:14 | 678  | 678  | 0.065938162    | 0.063979504   |
| 274240:4964 | 05/30/16 13:59:19 | 85   | 83   | 0.011053720    | 0.009915747   |
| 274241:4964 | 05/30/16 14:43:35 | 1180 | 1176 | 0.137665191    | 0.131683643   |
| 274244:4964 | 05/30/16 22:32:25 | 607  | 607  | 0.060177904    | 0.058274212   |
| 274250:4965 | 05/31/16 05:55:31 | 704  | 703  | 0.101505626    | 0.095683610   |
| 274251:4965 | 05/31/16 10:30:54 | 546  | 546  | 0.067563471    | 0.065403835   |
| 274283:4976 | 06/01/16 03:25:03 | 22   | 19   | 0.003555623    | 0.000396680   |
| 274284:4976 | 06/01/16 03:34:51 | 215  | 213  | 0.032381796    | 0.030004139   |
| 274286:4976 | 06/01/16 05:04:18 | 154  | 154  | 0.022531267    | 0.021565539   |
| 274314:4979 | 06/01/16 15:02:56 | 69   | 69   | 0.012684532    | 0.010086863   |
| 274315:4979 | 06/01/16 15:32:32 | 432  | 425  | 0.075140997    | 0.070057444   |
| 274316:4979 | 06/01/16 18:20:25 | 974  | 970  | 0.143324908    | 0.136610404   |
| 274317:4979 | 06/02/16 00:39:53 | 22   | 18   | 0.002946304    | 0.000314271   |
| 274319:4979 | 06/02/16 00:56:19 | 225  | 225  | 0.029423353    | 0.028457824   |
| 274335:4980 | 06/02/16 09:10:43 | 954  | 944  | 0.156251015    | 0.148181338   |
| 274336:4980 | 06/02/16 15:25:02 | 20   | 14   | 0.002962231    | 0.001802284   |
| 274337:4980 | 06/02/16 15:32:31 | 22   | 17   | 0.003243256    | 0.001841747   |
| 274338:4980 | 06/02/16 15:41:22 | 703  | 698  | 0.095969843    | 0.089906792   |
| 274339:4980 | 06/02/16 20:15:40 | 99   | 95   | 0.012509623    | 0.011287158   |
| 274344:4980 | 06/02/16 21:27:09 | 639  | 639  | 0.074362694    | 0.071146254   |
| 274345:4980 | 06/03/16 01:37:46 | 170  | 170  | 0.018443242    | 0.017880226   |
| 274382:4984 | 06/03/16 15:37:56 | 51   | 51   | 0.008058245    | 0.007500508   |
| 274387:4985 | 06/03/16 19:10:09 | 360  | 355  | 0.063778435    | 0.058817639   |
| 274388:4985 | 06/03/16 21:32:38 | 1820 | 1820 | 0.266131720    | 0.256527308   |
| 274420:4988 | 06/04/16 20:16:58 | 176  | 176  | 0.029986214    | 0.028364154   |
| 274421:4988 | 06/04/16 21:28:04 | 356  | 348  | 0.058970395    | 0.054434025   |
| 274422:4988 | 06/04/16 23:46:51 | 2207 | 2207 | 0.288627425    | 0.279871584   |
| 274440:4990 | 06/05/16 19:32:38 | 407  | 406  | 0.067723310    | 0.064168997   |
| 274441:4990 | 06/05/16 22:13:06 | 443  | 437  | 0.068510125    | 0.064548155   |
| 274442:4990 | 06/06/16 01:05:09 | 752  | 752  | 0.103278232    | 0.099915777   |
| 274954:5005 | 06/11/16 09:40:51 | 24   | 21   | 0.001360833    | 0.000974299   |
| 274955:5005 | 06/11/16 09:52:07 | 98   | 91   | 0.005444348    | 0.004820249   |
| 274968:5013 | 06/11/16 22:51:22 | 1206 | 1205 | 0.206776286    | 0.195698191   |
| 274969:5013 | 06/12/16 06:41:54 | 1007 | 1003 | 0.137658935    | 0.127759847   |
| 274970:5013 | 06/12/16 13:12:54 | 47   | 47   | 0.005763101    | 0.004336803   |
| 274971:5013 | 06/12/16 13:33:30 | 905  | 905  | 0.101595307    | 0.098459293   |
| 274998:5017 | 06/13/16 04:19:30 | 732  | 725  | 0.122789125    | 0.114126647   |
| 274999:5017 | 06/13/16 09:04:45 | 1257 | 1252 | 0.172086271    | 0.164254471   |
| 275000:5017 | 06/13/16 17:15:35 | 140  | 140  | 0.016957498    | 0.015947691   |
| 275001:5017 | 06/13/16 18:12:42 | 2057 | 2057 | 0.204673305    | 0.199348168   |
| 275059:5020 | 06/14/16 16:49:52 | 50   | 42   | 0.009545888    | 0.006173178   |
| 275066:5020 | 06/14/16 17:45:35 | 111  | 105  | 0.022386851    | 0.018455627   |
| 275067:5020 | 06/14/16 18:28:40 | 396  | 396  | 0.075059031    | 0.071620415   |
| 275068:5020 | 06/14/16 21:05:49 | 922  | 921  | 0.149901050    | 0.143137052   |
| 275073:5020 | 06/15/16 03:32:47 | 523  | 519  | 0.071799329    | 0.068508877   |
| 275074:5020 | 06/15/16 06:56:59 | 647  | 647  | 0.078909615    | 0.076334143   |
| 275124:5021 | 06/15/16 17:50:26 | 328  | 328  | 0.059890435    | 0.056673718   |
| 275125:5021 | 06/15/16 20:00:21 | 989  | 989  | 0.157464292    | 0.150728669   |
| 275282:5024 | 06/17/16 00:05:52 | 96   | 91   | 0.016829141    | 0.014901711   |
| 275283:5024 | 06/17/16 00:43:11 | 137  | 132  | 0.024451785    | 0.022437984   |
| 275284:5024 | 06/17/16 01:36:53 | 74   | 74   | 0.012930306    | 0.012449043   |
| 275290:5024 | 06/17/16 03:58:56 | 55   | 48   | 0.008827542    | 0.002679610   |
| 275291:5024 | 06/17/16 04:28:35 | 356  | 352  | 0.054777261    | 0.051726835   |
| 275292:5024 | 06/17/16 06:46:47 | 125  | 121  | 0.017014722    | 0.015676583   |
| 275293:5024 | 06/17/16 07:37:27 | 200  | 200  | 0.026019764    | 0.025137954   |
| 275309:5026 | 06/17/16 13:48:15 | 573  | 570  | 0.087344146    | 0.082747896   |
| 275310:5026 | 06/17/16 17:32:53 | 1939 | 1935 | 0.231967786    | 0.223928386   |
| 275311:5026 | 06/18/16 06:07:07 | 1253 | 1253 | 0.110651647    | 0.108015050   |
| 275319:5027 | 06/18/16 18:56:15 | 152  | 146  | 0.027849971    | 0.024647864   |
| 275337:5027 | 06/18/16 21:26:04 | 433  | 430  | 0.072808404    | 0.068989273   |
| 275338:5027 | 06/19/16 00:15:37 | 520  | 520  | 0.078279634    | 0.075749680   |
| 275344:5028 | 06/19/16 08:18:25 | 293  | 287  | 0.055037639    | 0.050722207   |
| 275345:5028 | 06/19/16 10:12:11 | 353  | 353  | 0.062652247    | 0.059911242   |
| 275370:5029 | 06/19/16 16:19:29 | 291  | 291  | 0.055920212    | 0.052091600   |
| 275371:5029 | 06/19/16 18:16:49 | 569  | 569  | 0.100184760    | 0.094980778   |
| 275375:5030 | 06/20/16 02:17:12 | 1327 | 1327 | 0.216056608    | 0.207472096   |
| 275376:5030 | 06/20/16 10:55:04 | 3096 | 3096 | 0.334800524    | 0.326027959   |
| 275657:5038 | 06/24/16 03:32:32 | 111  | 109  | 0.021298721    | 0.018443210   |
| 275658:5038 | 06/24/16 04:16:07 | 344  | 344  | 0.064757702    | 0.060098562   |
| 275659:5038 | 06/24/16 06:31:38 | 17   | 17   | 0.003062351    | 0.002957970   |
| 275761:5043 | 06/25/16 04:24:16 | 11   | 11   | 0.002346518    | 0.001681831   |
| 275767:5043 | 06/25/16 05:31:36 | 8    | 8    | 0.001611087    | 0.000712075   |
| 275772:5043 | 06/25/16 06:28:17 | 61   | 61   | 0.011821780    | 0.010451059   |
| 275773:5043 | 06/25/16 06:53:33 | 21   | 12   | 0.004000320    | 0.001193548   |
| 275774:5043 | 06/25/16 07:01:55 | 317  | 316  | 0.059075303    | 0.055616598   |
| 275776:5043 | 06/25/16 09:11:23 | 149  | 143  | 0.026301200    | 0.023487065   |
| 275777:5043 | 06/25/16 10:12:24 | 304  | 304  | 0.051032323    | 0.048382200   |
| 275778:5043 | 06/25/16 12:13:15 | 319  | 319  | 0.050004335    | 0.046162239   |
| 275782:5043 | 06/25/16 14:44:49 | 761  | 761  | 0.104347220    | 0.100440869   |
| 275832:5045 | 06/26/16 17:18:04 | 371  | 371  | 0.079108510    | 0.073405157   |
| 275833:5045 | 06/26/16 19:45:07 | 251  | 251  | 0.049127955    | 0.046797338   |
| 275834:5045 | 06/26/16 21:26:02 | 303  | 297  | 0.055576256    | 0.052459222   |
| 275835:5045 | 06/26/16 23:24:23 | 20   | 13   | 0.003530158    | 0.002089769   |
| 275836:5045 | 06/26/16 23:32:00 | 1290 | 1284 | 0.197025941    | 0.186382047   |
| 275837:5045 | 06/27/16 07:59:11 | 715  | 715  | 0.086791850    | 0.084175665   |
| 275847:5045 | 06/27/16 13:59:22 | 2263 | 2263 | 0.205471945    | 0.200568283   |
| 275886:5048 | 06/28/16 08:39:25 | 40   | 40   | 0.008804556    | 0.007663539   |
| 275890:5048 | 06/28/16 09:27:45 | 1393 | 1393 | 0.247481113    | 0.237643512   |
| 275911:5052 | 06/29/16 01:49:35 | 382  | 381  | 0.078224498    | 0.073962957   |
| 275912:5052 | 06/29/16 04:21:23 | 303  | 297  | 0.057160526    | 0.052522090   |
| 275913:5052 | 06/29/16 06:19:55 | 484  | 480  | 0.082897181    | 0.077387909   |
| 275918:5052 | 06/29/16 09:29:20 | 332  | 332  | 0.051968581    | 0.050183131   |
| 275920:5052 | 06/29/16 11:54:52 | 472  | 472  | 0.066187039    | 0.061815814   |
| 275921:5052 | 06/29/16 14:59:30 | 32   | 27   | 0.004313748    | 0.002717751   |
| 275923:5052 | 06/29/16 15:16:55 | 127  | 127  | 0.016791010    | 0.016046496   |
| 275931:5052 | 06/29/16 16:34:22 | 89   | 89   | 0.011329903    | 0.011009937   |
| 275963:5056 | 06/30/16 01:02:54 | 90   | 90   | 0.020866718    | 0.019769759   |
| 276092:5060 | 07/01/16 02:14:32 | 80   | 80   | 0.016851695    | 0.014927815   |
| 276097:5060 | 07/01/16 03:07:31 | 507  | 507  | 0.104680330    | 0.100454353   |
| 276242:5069 | 07/02/16 14:05:34 | 1649 | 1649 | 0.285923997    | 0.271464551   |
| 276243:5069 | 07/03/16 00:56:20 | 625  | 625  | 0.085468245    | 0.078522762   |
| 276244:5069 | 07/03/16 05:03:30 | 1202 | 1202 | 0.138837520    | 0.133636511   |
| 276282:5071 | 07/03/16 18:15:01 | 1075 | 1069 | 0.218300073    | 0.207841147   |
| 276283:5071 | 07/04/16 01:13:27 | 1087 | 1087 | 0.175660442    | 0.168603350   |
| 276315:5072 | 07/04/16 11:19:05 | 186  | 180  | 0.038413811    | 0.034412678   |
| 276317:5072 | 07/04/16 12:32:52 | 147  | 140  | 0.029807500    | 0.026592538   |
| 276318:5072 | 07/04/16 13:29:46 | 574  | 574  | 0.103913808    | 0.098975366   |
| 276355:5073 | 07/04/16 21:39:48 | 34   | 33   | 0.006761664    | 0.006271040   |
| 276361:5073 | 07/04/16 22:36:15 | 835  | 831  | 0.158916764    | 0.151012639   |
| 276363:5073 | 07/05/16 04:07:36 | 1486 | 1480 | 0.218879031    | 0.208305512   |
| 276384:5073 | 07/05/16 13:46:43 | 1117 | 1117 | 0.126291957    | 0.122563645   |
| 276437:5076 | 07/06/16 02:58:47 | 2125 | 2125 | 0.374099525    | 0.359764792   |
| 276454:5076 | 07/06/16 18:08:15 | 527  | 527  | 0.066435608    | 0.064517147   |
| 276458:5076 | 07/07/16 02:00:22 | 341  | 341  | 0.034238035    | 0.033452613   |
| 276495:5078 | 07/07/16 11:20:57 | 193  | 187  | 0.042769815    | 0.038488031   |
| 276501:5078 | 07/07/16 12:46:30 | 2555 | 2550 | 0.422751217    | 0.405660552   |
| 276502:5078 | 07/08/16 05:20:54 | 741  | 741  | 0.088980130    | 0.086178508   |
| 276525:5080 | 07/08/16 14:14:55 | 2799 | 2793 | 0.422460645    | 0.406933303   |
| 276527:5080 | 07/09/16 08:34:41 | 214  | 214  | 0.023371639    | 0.022643718   |
| 276528:5080 | 07/09/16 10:00:39 | 394  | 394  | 0.040052211    | 0.038702583   |
| 276542:5083 | 07/09/16 16:32:22 | 785  | 784  | 0.157981472    | 0.150098805   |
| 276543:5083 | 07/09/16 21:39:40 | 961  | 959  | 0.157182526    | 0.149648537   |
| 276544:5083 | 07/10/16 03:53:24 | 163  | 161  | 0.023541266    | 0.022197194   |
| 276545:5083 | 07/10/16 04:59:01 | 207  | 207  | 0.027974555    | 0.026880403   |
| 276581:5085 | 07/10/16 12:24:16 | 369  | 369  | 0.078584933    | 0.074866909   |
| 276582:5085 | 07/10/16 14:52:29 | 873  | 873  | 0.157188413    | 0.151514659   |
| 276583:5085 | 07/10/16 20:34:28 | 60   | 56   | 0.009614796    | 0.007915070   |
| 276584:5085 | 07/10/16 20:59:17 | 2    | 2    | 0.000319045    | 0.000174379   |
| 276585:5085 | 07/10/16 21:31:21 | 253  | 246  | 0.038388804    | 0.035229364   |
| 276586:5085 | 07/10/16 23:10:08 | 760  | 752  | 0.102328553    | 0.097861972   |
| 276587:5085 | 07/11/16 04:13:21 | 1006 | 1006 | 0.112642493    | 0.108607793   |
| 276653:5091 | 07/12/16 00:12:31 | 491  | 484  | 0.092765056    | 0.087327133   |
| 276655:5091 | 07/12/16 03:26:27 | 1113 | 1105 | 0.174745438    | 0.163109976   |
| 276659:5091 | 07/12/16 10:39:13 | 251  | 251  | 0.033183422    | 0.030365549   |
| 276775:5093 | 07/12/16 21:26:20 | 1174 | 1165 | 0.222366754    | 0.209558613   |
| 276776:5093 | 07/13/16 05:02:29 | 1823 | 1823 | 0.246879948    | 0.238494780   |
| 276794:5093 | 07/13/16 17:05:19 | 885  | 885  | 0.090241067    | 0.087941957   |
| 276807:5095 | 07/14/16 03:24:10 | 162  | 160  | 0.034115160    | 0.030768741   |
| 276808:5095 | 07/14/16 04:28:59 | 883  | 877  | 0.167212332    | 0.159470572   |
| 276810:5095 | 07/14/16 10:15:44 | 291  | 288  | 0.047789946    | 0.045167887   |
| 276811:5095 | 07/14/16 12:15:34 | 2563 | 2563 | 0.314203317    | 0.304356839   |
| 276831:5096 | 07/15/16 07:47:46 | 2648 | 2644 | 0.422163996    | 0.404186095   |
| 276834:5096 | 07/16/16 01:42:10 | 729  | 724  | 0.077121641    | 0.073217236   |
| 276870:5097 | 07/16/16 11:02:01 | 3403 | 3403 | 0.551979911    | 0.531765583   |
| 276935:5101 | 07/17/16 23:39:55 | 824  | 824  | 0.181424268    | 0.171845603   |
| 276940:5102 | 07/18/16 08:13:36 | 145  | 144  | 0.034563730    | 0.029025451   |
| 276946:5102 | 07/18/16 09:56:36 | 34   | 27   | 0.007836890    | 0.004299742   |
| 276947:5102 | 07/18/16 10:11:19 | 150  | 141  | 0.033502408    | 0.024873114   |
| 276948:5102 | 07/18/16 11:09:47 | 481  | 475  | 0.097896925    | 0.086854899   |
| 276950:5102 | 07/18/16 14:16:45 | 2353 | 2353 | 0.340675434    | 0.326195781   |
| 277069:5105 | 07/19/16 17:52:15 | 314  | 311  | 0.081222675    | 0.076408143   |
| 277070:5105 | 07/19/16 19:54:11 | 1063 | 1060 | 0.220774318    | 0.208687486   |
| 277071:5105 | 07/20/16 02:48:37 | 171  | 171  | 0.029568980    | 0.026613803   |
| 277072:5105 | 07/20/16 04:01:41 | 482  | 473  | 0.075043227    | 0.069830645   |
| 277073:5105 | 07/20/16 07:09:53 | 98   | 91   | 0.014438663    | 0.012867861   |
| 277076:5105 | 07/20/16 07:55:58 | 1033 | 1033 | 0.132130281    | 0.127053783   |
| 277087:5105 | 07/20/16 17:49:22 | 988  | 988  | 0.090155085    | 0.087060090   |
| 277094:5106 | 07/21/16 04:03:56 | 596  | 588  | 0.141136092    | 0.132577619   |
| 277096:5106 | 07/21/16 07:56:14 | 2093 | 2086 | 0.337670266    | 0.323779500   |
| 277112:5106 | 07/21/16 21:29:34 | 155  | 155  | 0.018210637    | 0.017565889   |
| 277126:5107 | 07/22/16 01:36:48 | 19   | 18   | 0.004631794    | 0.001989961   |
| 277127:5107 | 07/22/16 01:46:10 | 901  | 901  | 0.193479192    | 0.185988483   |
| 277148:5108 | 07/22/16 10:31:04 | 633  | 628  | 0.138872723    | 0.129584055   |
| 277166:5109 | 07/22/16 18:10:23 | 357  | 355  | 0.075812407    | 0.071423448   |
| 277168:5109 | 07/22/16 20:34:53 | 2223 | 2223 | 0.334324712    | 0.322020906   |
| 277180:5110 | 07/23/16 13:37:57 | 141  | 141  | 0.034065290    | 0.031605772   |
| 277194:5111 | 07/23/16 18:25:08 | 1954 | 1954 | 0.393460580    | 0.371051725   |
| 277305:5116 | 07/25/16 01:23:14 | 683  | 683  | 0.164878863    | 0.156008009   |
| 277420:5117 | 07/25/16 19:44:15 | 263  | 263  | 0.065979839    | 0.061594068   |
| 277981:5151 | 08/01/16 11:52:59 | 81   | 76   | 0.005230268    | 0.004507902   |
| 277991:5151 | 08/01/16 15:43:56 | 98   | 90   | 0.005639201    | 0.004650077   |
| 277992:5151 | 08/01/16 16:22:25 | 311  | 311  | 0.017432449    | 0.016565390   |
| 278017:5154 | 08/01/16 23:26:43 | 521  | 517  | 0.135961325    | 0.126317713   |
| 278018:5154 | 08/02/16 02:52:01 | 1158 | 1158 | 0.227486191    | 0.216262016   |
| 278167:5161 | 08/03/16 18:39:02 | 2173 | 2171 | 0.332140386    | 0.317529995   |
| 278175:5161 | 08/04/16 08:44:58 | 88   | 88   | 0.009356528    | 0.009121977   |
| 278193:5162 | 08/04/16 12:31:44 | 155  | 155  | 0.036753241    | 0.034971066   |
| 278239:5163 | 08/04/16 23:23:01 | 679  | 676  | 0.146337729    | 0.134595555   |
| 278240:5163 | 08/05/16 03:46:54 | 1303 | 1303 | 0.207410331    | 0.198739529   |
| 278273:5169 | 08/05/16 17:37:20 | 40   | 40   | 0.008171111    | 0.005915095   |
| 278274:5169 | 08/05/16 17:55:42 | 85   | 85   | 0.019782256    | 0.018218056   |
| 278288:5170 | 08/05/16 21:11:12 | 18   | 15   | 0.004236722    | 0.002906664   |
| 278289:5170 | 08/05/16 21:18:02 | 59   | 54   | 0.013262299    | 0.009557321   |
| 278290:5170 | 08/05/16 21:42:34 | 11   | 11   | 0.002643740    | 0.002448792   |
| 278308:5173 | 08/06/16 13:00:39 | 1754 | 1750 | 0.334439802    | 0.316338147   |
| 278310:5173 | 08/07/16 00:47:36 | 709  | 709  | 0.092298489    | 0.089216197   |
| 278315:5179 | 08/07/16 10:56:52 | 693  | 693  | 0.151256182    | 0.138937823   |
| 278345:5181 | 08/08/16 00:13:39 | 748  | 748  | 0.165507469    | 0.151740578   |
| 278346:5181 | 08/08/16 05:08:15 | 150  | 141  | 0.028572227    | 0.022486479   |
| 278349:5181 | 08/08/16 06:27:06 | 621  | 617  | 0.101224634    | 0.095653085   |
| 278366:5181 | 08/08/16 10:36:47 | 453  | 453  | 0.062155739    | 0.059965424   |
| 278406:5183 | 08/08/16 17:15:50 | 1597 | 1597 | 0.316165421    | 0.300016931   |
| 278509:5187 | 08/09/16 18:29:15 | 1467 | 1467 | 0.297804396    | 0.276277382   |
| 278769:5197 | 08/13/16 06:38:56 | 37   | 31   | 0.009725139    | 0.007290296   |
| 278770:5197 | 08/13/16 06:54:00 | 767  | 767  | 0.172788929    | 0.165550062   |
| 278801:5198 | 08/13/16 14:43:37 | 45   | 42   | 0.012090862    | 0.007893317   |
| 278802:5198 | 08/13/16 15:01:05 | 21   | 17   | 0.004822326    | 0.001725289   |
| 278803:5198 | 08/13/16 15:10:53 | 330  | 323  | 0.081012943    | 0.072484096   |
| 278804:5198 | 08/13/16 17:20:06 | 8    | 5    | 0.001837694    | 0.000755143   |
| 278805:5198 | 08/13/16 17:23:10 | 288  | 285  | 0.062690102    | 0.056436357   |
| 278808:5198 | 08/13/16 19:25:19 | 1791 | 1791 | 0.282719719    | 0.272186693   |
| 278820:5199 | 08/14/16 11:00:51 | 1524 | 1524 | 0.302396577    | 0.289436862   |
| 278822:5199 | 08/14/16 21:52:47 | 1627 | 1627 | 0.199018810    | 0.192814295   |
| 278873:5205 | 08/15/16 23:25:45 | 67   | 60   | 0.012467992    | 0.002032904   |
| 278874:5205 | 08/15/16 23:51:53 | 484  | 484  | 0.089088337    | 0.082659432   |
| 278875:5205 | 08/16/16 03:01:20 | 834  | 834  | 0.121563483    | 0.116011101   |
| 278923:5206 | 08/16/16 12:16:32 | 413  | 413  | 0.104061633    | 0.099646041   |
| 278957:5209 | 08/16/16 21:31:36 | 149  | 149  | 0.038154004    | 0.036574296   |
| 278962:5210 | 08/17/16 01:08:31 | 351  | 348  | 0.084959954    | 0.076813045   |
| 278963:5210 | 08/17/16 03:24:57 | 174  | 174  | 0.038947004    | 0.037440157   |
| 278969:5211 | 08/17/16 07:16:52 | 1394 | 1394 | 0.299935281    | 0.285918226   |
| 278975:5211 | 08/17/16 16:23:16 | 857  | 854  | 0.128052675    | 0.121101529   |
| 278976:5211 | 08/17/16 21:58:16 | 20   | 20   | 0.002678462    | 0.002577860   |
| 278986:5213 | 08/18/16 04:02:59 | 129  | 129  | 0.034035976    | 0.031910669   |
| 279024:5219 | 08/18/16 22:31:53 | 301  | 301  | 0.052734374    | 0.050088376   |
| 279029:5219 | 08/19/16 02:19:40 | 260  | 260  | 0.040451141    | 0.038452135   |
| 279071:5222 | 08/19/16 15:40:07 | 174  | 174  | 0.023702023    | 0.022788491   |
| 279080:5223 | 08/19/16 22:42:50 | 157  | 157  | 0.013339325    | 0.012876333   |
| 279115:5229 | 08/20/16 22:08:09 | 407  | 407  | 0.088522114    | 0.085189739   |
| 279116:5229 | 08/21/16 01:36:03 | 448  | 448  | 0.095442823    | 0.091582776   |
| 279479:5247 | 08/25/16 04:33:24 | 105  | 105  | 0.006335007    | 0.005993889   |
| 279588:5251 | 08/25/16 21:08:11 | 1160 | 1160 | 0.239315562    | 0.230879394   |
| 279653:5253 | 08/26/16 14:05:52 | 188  | 188  | 0.047290979    | 0.043879144   |
| 279654:5253 | 08/26/16 15:21:58 | 1253 | 1245 | 0.252231466    | 0.242855226   |
| 279656:5253 | 08/26/16 23:49:40 | 49   | 49   | 0.007732698    | 0.005736806   |
| 279658:5253 | 08/27/16 01:35:19 | 713  | 713  | 0.097035849    | 0.094227310   |
| 279667:5254 | 08/27/16 09:08:23 | 966  | 966  | 0.218139226    | 0.210966708   |
| 279681:5256 | 08/27/16 21:57:02 | 35   | 28   | 0.008364055    | 0.006746151   |
| 279682:5256 | 08/27/16 22:11:02 | 47   | 47   | 0.012396993    | 0.007864511   |
| 279683:5256 | 08/27/16 22:32:16 | 34   | 31   | 0.008833278    | 0.006434360   |
| 279684:5256 | 08/27/16 22:46:58 | 34   | 30   | 0.008630114    | 0.005362302   |
| 279685:5256 | 08/27/16 23:07:12 | 208  | 208  | 0.050571510    | 0.048949065   |
| 279691:5257 | 08/28/16 03:41:26 | 54   | 50   | 0.013428871    | 0.009765373   |
| 279694:5257 | 08/28/16 04:03:09 | 2235 | 2235 | 0.422637127    | 0.410524768   |
| 279715:5258 | 08/28/16 22:01:34 | 577  | 577  | 0.134594200    | 0.129165228   |
| 279716:5258 | 08/29/16 02:17:06 | 1638 | 1638 | 0.265251087    | 0.258407241   |
| 279760:5261 | 08/29/16 20:21:24 | 664  | 658  | 0.162292590    | 0.155199085   |
| 279766:5261 | 08/30/16 01:08:36 | 1694 | 1690 | 0.279515063    | 0.270889647   |
| 279767:5261 | 08/30/16 12:08:03 | 776  | 776  | 0.092636863    | 0.090583908   |
| 279794:5264 | 08/30/16 23:41:02 | 1024 | 1024 | 0.232460796    | 0.225486947   |
| 279823:5265 | 08/31/16 10:00:39 | 335  | 335  | 0.085329204    | 0.082750019   |
| 279841:5266 | 08/31/16 15:23:17 | 2040 | 2040 | 0.396657811    | 0.384216979   |
| 279844:5267 | 09/01/16 07:21:16 | 233  | 224  | 0.062263039    | 0.057240986   |
| 279887:5270 | 09/01/16 23:20:52 | 319  | 319  | 0.078037606    | 0.074126575   |
| 279931:5274 | 09/02/16 11:37:39 | 2936 | 2936 | 0.495181699    | 0.479950450   |
| 279966:5275 | 09/03/16 09:20:25 | 363  | 363  | 0.098086749    | 0.094085114   |
| 279975:5276 | 09/03/16 14:45:09 | 1024 | 1024 | 0.250777578    | 0.241662520   |
| 279993:5277 | 09/04/16 00:23:27 | 79   | 78   | 0.021506707    | 0.018287474   |
| 279994:5277 | 09/04/16 00:56:48 | 59   | 54   | 0.016571493    | 0.012524966   |
| 280013:5277 | 09/04/16 03:35:47 | 34   | 32   | 0.008060322    | 0.005697175   |
| 280015:5277 | 09/04/16 03:55:19 | 576  | 572  | 0.121708103    | 0.116388172   |
| 280016:5277 | 09/04/16 07:42:16 | 163  | 155  | 0.030375991    | 0.026838406   |
| 280017:5277 | 09/04/16 08:45:47 | 613  | 613  | 0.102625897    | 0.098921384   |
| 280018:5277 | 09/04/16 12:47:05 | 1282 | 1282 | 0.164850851    | 0.160429977   |
| 280020:5277 | 09/04/16 21:15:15 | 47   | 45   | 0.005040703    | 0.004651996   |
| 280024:5277 | 09/04/16 21:47:39 | 427  | 427  | 0.042966907    | 0.042184958   |
| 280187:5279 | 09/05/16 20:24:23 | 67   | 60   | 0.017621742    | 0.013371081   |
| 280188:5279 | 09/05/16 20:50:25 | 253  | 250  | 0.066904222    | 0.062262210   |
| 280191:5279 | 09/05/16 22:40:17 | 908  | 906  | 0.189518602    | 0.180805055   |
| 280194:5279 | 09/06/16 05:36:21 | 238  | 238  | 0.038265302    | 0.037123022   |
| 280242:5282 | 09/06/16 15:43:40 | 637  | 628  | 0.158169943    | 0.149332061   |
| 280249:5282 | 09/06/16 19:52:07 | 1437 | 1435 | 0.250281958    | 0.241480183   |
| 280251:5282 | 09/07/16 05:14:58 | 371  | 371  | 0.048858039    | 0.047592501   |
| 280327:5287 | 09/08/16 08:23:13 | 50   | 44   | 0.012070167    | 0.008819257   |
| 280330:5287 | 09/08/16 08:46:53 | 870  | 862  | 0.197492384    | 0.187767451   |
| 280349:5287 | 09/08/16 14:27:22 | 635  | 625  | 0.110993755    | 0.105115956   |
| 280363:5287 | 09/08/16 18:47:24 | 367  | 360  | 0.053311148    | 0.050468859   |
| 280364:5287 | 09/08/16 21:09:57 | 1351 | 1351 | 0.162516498    | 0.156605510   |
| 280383:5288 | 09/09/16 08:41:13 | 10   | 9    | 0.002775153    | 0.000250886   |
| 280384:5288 | 09/09/16 08:48:48 | 47   | 40   | 0.012076700    | 0.007897894   |
| 280385:5288 | 09/09/16 09:11:36 | 2019 | 2019 | 0.383736092    | 0.368580819   |
| 281613:5331 | 09/25/16 06:03:32 | 803  | 803  | 0.011599847    | 0.009854551   |
| 281639:5338 | 09/26/16 07:45:13 | 136  | 132  | 0.021083742    | 0.019206349   |
| 281641:5338 | 09/26/16 09:34:34 | 319  | 319  | 0.041453982    | 0.039703345   |
| 281693:5339 | 09/26/16 16:57:00 | 2191 | 2191 | 0.392769988    | 0.379849392   |
| 281707:5340 | 09/27/16 09:47:29 | 953  | 952  | 0.226803344    | 0.216904519   |
| 281726:5340 | 09/27/16 16:14:38 | 291  | 289  | 0.052091087    | 0.049834009   |
| 281727:5340 | 09/27/16 18:10:03 | 1605 | 1605 | 0.209736412    | 0.203808379   |
| 281797:5345 | 09/28/16 12:04:48 | 2052 | 2052 | 0.416945918    | 0.401981324   |
| 281975:5351 | 09/30/16 03:23:12 | 215  | 215  | 0.059112937    | 0.054587501   |
| 281976:5351 | 09/30/16 04:48:03 | 2166 | 2166 | 0.356897527    | 0.343304198   |
| 282033:5352 | 09/30/16 21:30:43 | 43   | 40   | 0.011104331    | 0.008351862   |
| 282034:5352 | 09/30/16 21:48:05 | 35   | 35   | 0.010009227    | 0.008733301   |
| 282035:5352 | 09/30/16 22:03:01 | 47   | 42   | 0.012980989    | 0.009514642   |
| 282037:5352 | 09/30/16 22:24:14 | 1861 | 1861 | 0.348879789    | 0.334747246   |
| 282092:5355 | 10/02/16 13:49:37 | 1784 | 1784 | 0.309686033    | 0.299676595   |
| 282708:5391 | 10/09/16 08:39:30 | 8    | 8    | 0.002529322    | 0.002144558   |
| 282710:5391 | 10/09/16 08:49:08 | 9    | 9    | 0.002750876    | 0.000350704   |
| 282712:5391 | 10/09/16 09:00:13 | 60   | 60   | 0.017728020    | 0.016882292   |
| 282730:5393 | 10/09/16 12:41:53 | 83   | 79   | 0.024748320    | 0.020631795   |
| 282731:5393 | 10/09/16 13:13:59 | 176  | 175  | 0.052016359    | 0.048048286   |
| 282732:5393 | 10/09/16 14:23:16 | 73   | 72   | 0.020109356    | 0.018281462   |
| 282733:5393 | 10/09/16 14:52:26 | 178  | 178  | 0.045598421    | 0.043632314   |
| 282734:5393 | 10/09/16 16:03:11 | 330  | 329  | 0.074523498    | 0.071211184   |
| 282735:5393 | 10/09/16 18:12:39 | 1823 | 1823 | 0.280527990    | 0.272048477   |
| 282800:5394 | 10/10/16 14:17:15 | 382  | 381  | 0.099596522    | 0.094644857   |
| 282807:5394 | 10/10/16 16:48:03 | 330  | 328  | 0.076134671    | 0.071321820   |
| 282814:5394 | 10/10/16 18:58:58 | 1843 | 1843 | 0.287645141    | 0.278819558   |
| 282842:5395 | 10/11/16 10:34:00 | 80   | 80   | 0.024793098    | 0.023797366   |
| 282917:5401 | 10/12/16 01:27:07 | 85   | 82   | 0.022108953    | 0.018175426   |
| 282918:5401 | 10/12/16 02:00:22 | 59   | 56   | 0.015697498    | 0.013025009   |
| 282919:5401 | 10/12/16 02:23:36 | 243  | 243  | 0.060010505    | 0.057863735   |
| 282922:5401 | 10/12/16 05:09:33 | 137  | 137  | 0.028881577    | 0.025785002   |
| 282923:5401 | 10/12/16 06:04:20 | 226  | 226  | 0.044249828    | 0.040888008   |
| 283042:5405 | 10/12/16 22:38:59 | 10   | 10   | 0.002704425    | 0.001435533   |
| 283043:5405 | 10/12/16 22:44:16 | 519  | 519  | 0.123757476    | 0.117972506   |
| 283049:5406 | 10/13/16 05:05:17 | 17   | 17   | 0.005584502    | 0.003171817   |
| 283050:5406 | 10/13/16 05:13:23 | 227  | 221  | 0.067069855    | 0.058639575   |
| 283052:5406 | 10/13/16 06:45:19 | 124  | 120  | 0.034002511    | 0.029110576   |
| 283059:5406 | 10/13/16 08:00:56 | 458  | 451  | 0.105776147    | 0.099841264   |
| 283270:5416 | 10/14/16 18:39:48 | 1838 | 1837 | 0.399686187    | 0.385521210   |
| 283283:5416 | 10/15/16 06:35:59 | 1748 | 1748 | 0.204630501    | 0.199136156   |
| 283305:5418 | 10/15/16 21:41:13 | 15   | 11   | 0.003823584    | 0.001407942   |
| 283306:5418 | 10/15/16 21:46:57 | 291  | 291  | 0.081714901    | 0.077780643   |
| 283307:5418 | 10/15/16 23:43:44 | 461  | 461  | 0.107440707    | 0.101384034   |
| 283308:5418 | 10/16/16 02:46:26 | 946  | 946  | 0.168349843    | 0.161919434   |
| 283353:5421 | 10/16/16 19:55:17 | 753  | 750  | 0.202579180    | 0.193296966   |
| 283358:5421 | 10/17/16 00:50:19 | 985  | 981  | 0.183975677    | 0.173997642   |
| 283359:5421 | 10/17/16 07:15:19 | 428  | 428  | 0.062846963    | 0.061358758   |
| 283407:5423 | 10/17/16 21:54:07 | 43   | 39   | 0.014382531    | 0.009938879   |
| 283408:5423 | 10/17/16 22:10:43 | 2355 | 2355 | 0.479821546    | 0.461816465   |
| 283416:5423 | 10/18/16 15:16:09 | 197  | 197  | 0.022663827    | 0.022044105   |
| 283453:5424 | 10/18/16 19:07:49 | 455  | 455  | 0.130170528    | 0.124741121   |
| 283469:5426 | 10/19/16 01:09:36 | 1    | 1    | 0.000336328    | 0.000031461   |
| 283478:5427 | 10/19/16 04:13:19 | 878  | 874  | 0.221655979    | 0.212593955   |
| 283548:5433 | 10/19/16 22:58:16 | 148  | 146  | 0.028243729    | 0.026583803   |
| 283680:5437 | 10/21/16 03:17:51 | 87   | 87   | 0.021364637    | 0.019145319   |
| 283681:5437 | 10/21/16 03:56:07 | 23   | 23   | 0.005479847    | 0.003854775   |
| 283682:5437 | 10/21/16 04:08:38 | 389  | 384  | 0.084335331    | 0.080903225   |
| 283685:5437 | 10/21/16 06:39:38 | 314  | 314  | 0.021584449    | 0.020476214   |
| 283820:5439 | 10/21/16 20:48:18 | 1486 | 1482 | 0.271103506    | 0.261598727   |
| 283830:5439 | 10/22/16 06:27:24 | 729  | 722  | 0.106986194    | 0.103188837   |
| 283834:5439 | 10/22/16 11:11:28 | 85   | 82   | 0.010852824    | 0.009088268   |
| 283835:5439 | 10/22/16 11:45:28 | 112  | 112  | 0.013217799    | 0.011410360   |
| 283865:5441 | 10/22/16 17:30:09 | 1177 | 1177 | 0.276459279    | 0.267265935   |
| 283876:5442 | 10/23/16 03:38:50 | 672  | 668  | 0.175560520    | 0.165629295   |
| 283877:5442 | 10/23/16 07:59:53 | 1496 | 1496 | 0.256054873    | 0.248062170   |
| 283884:5443 | 10/23/16 23:44:05 | 408  | 408  | 0.108996968    | 0.103096196   |
| 283885:5443 | 10/24/16 02:25:30 | 1723 | 1723 | 0.301835544    | 0.293297335   |
| 283933:5446 | 10/24/16 18:32:31 | 153  | 148  | 0.045122273    | 0.040818835   |
| 283934:5446 | 10/24/16 19:33:15 | 1258 | 1258 | 0.282758143    | 0.272353913   |
| 283946:5448 | 10/25/16 07:30:41 | 1378 | 1378 | 0.315329684    | 0.303446667   |
| 283964:5448 | 10/25/16 16:29:30 | 388  | 388  | 0.061117188    | 0.059246802   |
| 284006:5450 | 10/26/16 01:53:26 | 322  | 321  | 0.061062125    | 0.058267372   |
| 284014:5450 | 10/26/16 03:59:16 | 266  | 266  | 0.049611443    | 0.048298876   |
| 284025:5451 | 10/26/16 08:56:20 | 54   | 52   | 0.014487282    | 0.012336625   |
| 284029:5451 | 10/26/16 09:19:00 | 112  | 112  | 0.032150210    | 0.030294679   |
| 284035:5451 | 10/26/16 10:04:52 | 369  | 361  | 0.093723746    | 0.088596369   |
| 284036:5451 | 10/26/16 12:28:09 | 356  | 349  | 0.077637698    | 0.072473292   |
| 284037:5451 | 10/26/16 14:48:03 | 343  | 341  | 0.065542847    | 0.063010360   |
| 284038:5451 | 10/26/16 17:02:16 | 60   | 55   | 0.010679312    | 0.009192519   |
| 284039:5451 | 10/26/16 17:27:02 | 34   | 30   | 0.005942863    | 0.004843458   |
| 284040:5451 | 10/26/16 17:42:18 | 35   | 35   | 0.006049726    | 0.005499267   |
| 284041:5451 | 10/26/16 17:59:11 | 47   | 45   | 0.007784569    | 0.006876669   |
| 284042:5451 | 10/26/16 18:23:53 | 137  | 129  | 0.022043813    | 0.019884807   |
| 284043:5451 | 10/26/16 19:17:23 | 227  | 225  | 0.033783793    | 0.032003512   |
| 284044:5451 | 10/26/16 20:46:05 | 30   | 30   | 0.004412021    | 0.004325715   |
+-------------+-------------------+------+------+----------------+---------------+
#Summary: 
+-------+------+--------+--------+-------------------+------------------+
| nfill | nrun | nls    | ncms   | totdelivered(/fb) | totrecorded(/fb) |
+-------+------+--------+--------+-------------------+------------------+
| 144   | 393  | 234231 | 233406 | 38.184814445      | 36.313753344     |
+-------+------+--------+--------+-------------------+------------------+
#Check JSON:
#(run,ls) in json but not in results: []
